-2855
-3129
11795
215
-644
-3718
-24696
-36048
-26116
-19395
-32999
-35159
-47020
-57153
-53604
-58777
-42856
-48568
-50937
-58972
-54179
-43263
-51947
-48892
-43289
-20853
-30651
-41156
-50840
-59191
-63943
-69043
-74909
-75582
-84986
-86550
-92016
-104775
-108451
-101654
-101659
-102785
-104995
-106106
-97136
-99194
-104223
-112898
-107400
-97550
-95231
-98166
-94354
-98139
-113080
-117065
-114262
-106644
-101783
-105896
-109219
-105548
-114684
-121891
-129622
-134620
-141926
-146987
-153913
-165667
-163572
-167103
-166961
-162347
-157291
-161427
-166111
-164770
-159222
-158339
-166144
-165743
-164222
-173905
-178787
-172871
-176452
-177281
-181139
-187236
-194761
-199542
-196966
-205655
-219195
-228653
-239548
-246462
-245955
-229714
