5334
19107
31248
20149
13907
-1044
-13515
-21053
-11387
-14831
-20265
-16763
-31402
-31910
-34164
-39323
-28254
-30260
-35241
-47051
-47780
-57797
-70812
-65931
-76857
-64634
-49122
-60862
-58938
-57076
-63819
-68692
-61120
-69767
-81396
-89461
-97495
-105204
-118330
-121854
-122170
-127839
-131774
-138289
-133356
-146687
-138404
-138843
-151024
-158281
-171543
-178628
-189317
-189494
-183372
-197764
-212919
-214167
-214935
-224330
-238551
-245879
-254127
-270461
-274699
-274420
-277698
-279253
-280181
-275576
-273858
-272970
-271084
-270269
-267305
-274891
-278428
-288305
-301002
-304294
-296652
-302114
-312658
-321620
-338088
-346921
-350800
-352649
-348563
-348334
-340425
-358346
-367175
-368296
-371304
-377121
-380742
-389473
-396671
-396955
