-26256
-83691
-166640
-183906
-234494
-301513
-381990
-422962
-524692
-561041
-628258
-675041
-738341
-810223
-835974
-902824
-954730
-1000027
-1026901
-1137587
-1215395
-1217014
-1235447
-1281008
-1357053
-1353507
-1377556
-1450196
-1515666
-1537550
-1624839
-1713181
-1739971
-1783823
-1881530
-1968297
-2041873
-2110615
-2169612
-2156266
-2256751
-2318171
-2380799
-2422796
-2459591
-2531738
-2600032
-2624003
-2637553
-2659196
-2664382
-2696932
-2788653
-2848559
-2925755
-2969467
-2962782
-3003143
-3070402
-3143470
-3231544
-3320139
-3354886
-3453450
-3516678
-3572033
-3581006
-3693584
-3774145
-3861672
-3877273
-3903157
-3949814
-4005264
-4037550
-4113683
-4180568
-4262908
-4341721
-4376492
-4454980
-4539619
-4563011
-4664946
-4724145
-4800636
-4884621
-4930608
-5014979
-5076907
-5139053
-5168028
-5194483
-5254361
-5264754
-5326018
-5351042
-5395428
-5424907
-5512406
